$ANSIBLE_VAULT;1.1;AES256
33353437356538373264303838613331336636366334383938303164393938633837613333303564
3832643534666563653265646362316339626133323166620a613134643133363633336133663632
31386535633837646134353036636536323837326232303966333832643261323666313435396261
6263653639663030370a633733373537633637663536343264316630376638623264666564303036
35666263656366363631393666616134613838313634346336613036363133333935376432346438
34386138373439336366353235653635383630616230353132356434333761303061333037626338
30646238326661343932656664643932613064656339383065613834343133643235303166353333
35643032373166653865323161353430336134383634303862326462373432626138333865323739
34376237616238343938653365336561333039313564366566343564636632643163366131343436
64346437386435613231376331316332653333323233383135393363336262666364373162613263
61316231653961653030326630616661636234336263643438383130393734303634666666346463
35376338346235363737326133616261366330363335663764663234316533366339623830316266
64333965656337383330353732366434356135303536636366306361663365343538343962303936
64383264626333383933663962323439616262356264663162303130376436353134666164313930
37336137323161623438353839373339663330323235663734623766633363373033643335306331
63316266313733326336623438633636323633386333303565636362643836353037333139303262
38636533336564313138653836623261306462316165343266303237336564633237396665303430
33646332623961663366633733613533353536643863353733363262363464346339633737396461
34623063656465346662336137636134663438306265656564656234383063643533313564663134
30353230393934346464623064366534366139303430653931666366633630313838326263386132
39343034386537333536356364313965333961363166386237333463383865386465383838626239
61616630653530623838313734393137393961613431333839383563653366663035333637336433
33643632643435323639613034396338386363306532306464643063653865396538313338646434
38656261346532383036353530656663633839316135313836333938633236626361396665633935
61663166303732626331396135316633343861353364616239376663326434646336623331623835
64663964316238386631306530386137306165636162386664396134343564386163346431373133
64626631306562363834346264303038386666306536376130663666316433336634656431623232
37373864656666333333353539666161363539646636376334313265326162323237653331386332
31386231616239646132313961356634616538353939353264333635343062393963633363663731
31636137373837643637623462306539396261353538313537396133663237386661316664376364
31366536346130646335623332346637633031336438636365636364373162613939353564386266
32383032613736373866633836353430333565616362303032386364646264363939323261366264
36336565636332326234363966653261313965663631633535393365323162646432336165616532
32316261646339376563323937656330616632643237356532326566643734653038366234393735
33663735656166313138363863646631666162303631336636636164613133613834313239366366
63346332386139663937643139653330316438666339623036346662636436383330343765386337
36326531613666333433633136346539343338366232636361373564303866353164396664386462
65653163663339363362376564363236313735653234396535636335396634383566306532646366
35323764373763393564386534373533393931383266303664653631663732633137346237613162
66393831666239303261363362366163313434633431626539623463343539303333313562336433
62663434616437343232363036343336663561316362363031336362383334643066336565623365
37666330643565656138656630313366636431303439666337303962356561313664313737336366
38636230323863313564356535613666366332643563643134313665396136613232356434323461
66373132313930323930373130346334363732643066653339616263653230333635326137393965
64396531363735353533613739646236613061663763396465303462323430373236303432666463
61336161313231393931333661356637663532646262356538323135613139313839346333313638
65613462636666393330363336653033653765663438326439363662363165356639633637353238
31313036633633346636663339356365663666666362646661393561353136633039393764306263
31366163653565636232353362633731326231303636333738396336626534636635623235383963
33636630376536373165633166633762666666616537366164663733663035616430336136383165
65383366626132366531393835356238363139636236343730643230333237613635323432383437
39653032306535363165316136353635353630343739333062656365633663363537383564343162
62666162666164646665373563383536356661626430383934656331363831313364346563393864
39383162313366326239393665386334303862373266643335376338353337393935636535383737
34346563663766663766666234633864666233646539373139653230656630343965366463376332
38646465346636343261626630316530373738333435316338363564303861393138353938396362
63316338383963653838326436653034393663373036363365393162333437636365356166363666
36323637376430336661646134383761653233633736313861646661643135653239373061653366
35646535666539653535343063336130663233356435346139346565663336663035613534306238
63646636643332636561376533396334643162643464666632356665303565353362323766316364
66623234333138316538346262363664626235306436663164316532323633323165616365313934
62396564613564323036356531623361663133643332653362366564656634313538313835363134
62623433626537313437366633663561393734373539393761636532653935396435376335643566
64656330383233383865626266303135633237373265623231636464343966373236656538363836
33643134666536643131396665313935383130396132343139373764333730393437313037336266
38363632386232346434643930323763346332653334386436633731623939623635393962613664
30396232626433633663386664326130636636646232363530383739393739373130326664636139
61383962333463343130366362356538373734383133346537343364343537323238626236343536
63646135666239396337366338336662316136393666373461343234623563653833666632633532
32663231306438343933663564376464333461623338643738326338666265353638343166333835
37653630323162663265653362323633303466333539363664336630646538626663366531316336
35626265363936326434616632353537666562386262386435376431643136633961306136636266
64366130633230326161356463326662326163346131336162376162303061646263326531373965
61333439666330336265633135626133393731366532353435633330363465366532376665323830
65303731633939663565383432383836613361333634396334366365393533376237663036633234
37373937633762633332366537366632383435643439363434386163646163626264363562383134
35356437623963376562623832636362356362663231336237346234633465656136646663386538
66313866646133313535376333393039623031623364313462383864336463313161653238633464
35333932303432353862303233306133656433636338373331616263623630363930353539386537
66336462336136363265353636633166653839323463356566323234343163343339643035666633
33326232623964326138653531346537666539323137623362333035396435386534643062316231
65366132366535373164386366323436656438643464386431303463343233343737656333626664
38363437616234326238616330393838613634643364643039383834343237306138346236656436
38306333633535623838353433353237333336626264363737653362383936333038306262613430
63336665376634643732623537333462653431646338316563613663623836353239316562636639
62313961623335306439653966396639303332643132346532363664373534313032613633363032
66663437616132633337386564396633336562663139643166326166333336336232356438346261
62366233623732666432333838393761373135393961356337653631386564303433303136356531
62343161353765303263326139643137393532376332343536646230373033346431643534383466
32303264333637396539303437326566373638653162323339343131343333333136623161333563
38353331626239363332363561646461663364613031353030333037303164346437383861353561
64376430383331393363626339623534316235333639633336626232383161323831383637613362
33626632643132353438303834366537333165613261656363373864396663313531663561663938
64343063383963636438376233336166646231323862646233323861656565303731306538316463
39643961326462656264616337626333386161623361656636326566306436313663383034396466
31633764653934616438666137386263656234373861336563353539636630346530353339623936
36343739643138313733643037356663633164643733343666643861666661373532323665666631
64393933633532366437326462663931373934626439656231356239343635643332323131356365
66616533663762653034333539313865396263373361643134303937386661643630356233343363
38613037626364326339633438656634303463343361393735396166373833636633333432666631
37326430306236653165353037303533636338643938336334373764366639343135363563386665
35643635343366313132363632346632643135656235363563313939336161636131313665343735
33303265393331306564643165636134343339353666636336633664363838343964663733386232
36363838356239323237663235313635663732633732623633316165313766313536666566303261
65393866323338393937303765333065616432333333623936323962623234306462653866303737
64663465396536303135613863643638616263393439313566636361626561626161303335343230
33313738653539323434626664616163343831336133333734393731313734396334373463343634
35386339303231643966396536663834346630626261636134323836333062393232646237393030
38356363323165316433346164623464326166613332343231316334626135396437336632343536
36393163366262356332636239633966313633353163383333313130353363393964623130373534
62623536663035666462343565636465646232343465633532626163633934653436313138386533
61346265306262613164346565333664373261333864336636343962306333643033363735363930
37326233373138656239393234366262383132356538643361373061613232656630666438373433
39303734313036633765336331303963653135363938306162636562366561343938663032613061
33666661653333643135636630393534663661336165653764653739393539386363386231333465
64623764663039363863636539303839383565376231393539633030626638383863633431303562
30376339356364376530646337353736643432333037303965656431353963363838643739656261
35646439623661353932316637643861343232653365333565343230613665363734363961333535
643432386537656464313638383937346239
